source,sink
monocasa,rreader
monocasa,nat1192
monocasa,kalven
monocasa,mjsolaro
monocasa,Devilish
Devilish,monocasa
monocasa,Devilish
monocasa,SirTrollALot
monocasa,db4n
db4n,monocasa
monocasa,pwhiteh
monocasa,G_Morgan
monocasa,dannomac
monocasa,sherkaner
sherkaner,monocasa
dannomac,monocasa
monocasa,captainAwesomePants
monocasa,honus
monocasa,swaggums
alexs,monocasa
monocasa,introspeck
taejo,monocasa
monocasa,BraveSirRobin
monocasa,EwanG
monocasa,Wakuko
smpx,monocasa
robosatan,monocasa
monocasa,shinynew
shinynew,monocasa
monocasa,konkeydong
chungkaishek,monocasa
monocasa,the_mgt
monocasa,doktaru
monocasa,DarkShikari
monocasa,AMerrickanGirl
monocasa,Tordek
monocasa,Frobenius
monocasa,Shiggityx2
monocasa,Nurgle
Nurgle,monocasa
monocasa,njharman
njharman,monocasa
